-- MySQL dump 10.13  Distrib 8.0.19, for macos10.15 (x86_64)
--
-- Host: localhost    Database: plant_data
-- ------------------------------------------------------
-- Server version	8.0.19

/*!40101 SET @OLD_CHARACTER_SET_CLIENT=@@CHARACTER_SET_CLIENT */;
/*!40101 SET @OLD_CHARACTER_SET_RESULTS=@@CHARACTER_SET_RESULTS */;
/*!40101 SET @OLD_COLLATION_CONNECTION=@@COLLATION_CONNECTION */;
/*!50503 SET NAMES utf8mb4 */;
/*!40103 SET @OLD_TIME_ZONE=@@TIME_ZONE */;
/*!40103 SET TIME_ZONE='+00:00' */;
/*!40014 SET @OLD_UNIQUE_CHECKS=@@UNIQUE_CHECKS, UNIQUE_CHECKS=0 */;
/*!40014 SET @OLD_FOREIGN_KEY_CHECKS=@@FOREIGN_KEY_CHECKS, FOREIGN_KEY_CHECKS=0 */;
/*!40101 SET @OLD_SQL_MODE=@@SQL_MODE, SQL_MODE='NO_AUTO_VALUE_ON_ZERO' */;
/*!40111 SET @OLD_SQL_NOTES=@@SQL_NOTES, SQL_NOTES=0 */;

--
-- Table structure for table `plant_water_details`
--

DROP TABLE IF EXISTS `plant_water_details`;
/*!40101 SET @saved_cs_client     = @@character_set_client */;
/*!50503 SET character_set_client = utf8mb4 */;
CREATE TABLE `plant_water_details` (
  `plant_number` int NOT NULL,
  `water_volume` double DEFAULT NULL,
  `color` int DEFAULT NULL
) ENGINE=InnoDB DEFAULT CHARSET=utf8mb4 COLLATE=utf8mb4_0900_ai_ci;
/*!40101 SET character_set_client = @saved_cs_client */;

--
-- Dumping data for table `plant_water_details`
--

LOCK TABLES `plant_water_details` WRITE;
/*!40000 ALTER TABLE `plant_water_details` DISABLE KEYS */;
INSERT INTO `plant_water_details` VALUES (1,6.2,0),(2,5.77,0),(3,6,19),(4,5.56,24),(5,5.93,25),(6,6.42,0),(7,5.89,19),(8,6.19,0),(9,5.6,0),(10,5.64,20),(11,6.27,21),(12,6.5,20),(1,6.42,23),(2,5.93,19),(3,6.12,21),(4,5.53,18),(5,5.9,24),(6,5.93,24),(7,5.64,0),(8,5.95,23),(9,5.68,19),(10,6.28,20),(11,5.75,0),(12,5.55,25),(1,6.04,25),(2,6.43,0),(3,5.99,25),(4,6.33,0),(5,5.66,18),(6,6.19,19),(7,5.76,21),(8,5.85,21),(9,5.87,24),(10,6.26,25),(11,6.44,18),(12,6.15,24),(1,6.33,0),(2,6.48,20),(3,6.45,0),(4,6.29,0),(5,5.62,0),(6,5.78,20),(7,6.05,25),(8,5.75,0),(9,5.97,20),(10,6.33,0),(11,6.13,0),(12,5.88,0),(1,6.22,24),(2,5.95,0),(3,6.39,0),(4,5.58,18),(5,6.3,24),(6,5.76,0),(7,6.34,24),(8,5.77,22),(9,5.51,25),(10,6.19,20),(11,5.9,22),(12,6.27,0),(1,6.13,18),(2,6.27,20),(3,6.31,23),(4,5.66,23),(5,5.91,19),(6,6.15,24),(7,6.11,20),(8,6,20),(9,5.56,21),(10,5.52,19),(11,5.65,23),(12,6.06,0),(1,5.81,0),(2,6.5,0),(3,6.33,0),(4,5.88,18),(5,6.23,24),(6,5.97,24),(7,6.5,19),(8,6,18),(9,5.94,21),(10,6.28,23),(11,6.35,0),(12,5.98,21),(1,5.88,23),(2,6.1,18),(3,6.31,22),(4,5.54,23),(5,6.5,20),(6,6.25,24),(7,6.32,23),(8,5.56,19),(9,6.02,25),(10,5.97,23),(11,5.87,22),(12,6.01,21),(1,6.26,20),(2,5.86,0),(3,5.86,0),(4,5.85,20),(5,5.54,23),(6,5.82,25),(7,6.41,18),(8,5.52,0),(9,6.06,23),(10,6.34,0),(11,5.5,21),(12,5.66,0),(1,6.35,19),(2,6.05,0),(3,5.57,20),(4,6.12,19),(5,5.53,24),(6,6.29,21),(7,6.28,0),(8,6.48,20),(9,6.24,0),(10,5.91,0),(11,6.4,0),(12,6.17,25),(1,6.22,0),(2,6.34,0),(3,6.2,24),(4,6.42,0),(5,6.02,23),(6,6.49,24),(7,5.88,21),(8,6.49,0),(9,6.43,0),(10,5.5,0),(11,6.15,25),(12,6.46,0),(1,5.53,20),(2,5.85,0),(3,6.23,20),(4,5.55,19),(5,6.2,0),(6,5.86,18),(7,5.72,22),(8,6.05,22),(9,6.3,21),(10,6.15,0),(11,5.54,18),(12,6.15,25),(1,6.38,0),(2,5.71,0),(3,6.47,22),(4,6.37,0),(5,5.78,0),(6,6.42,0),(7,6.43,20),(8,6.31,0),(9,5.63,24),(10,6.09,20),(11,5.57,0),(12,6.11,0),(1,6.1,25),(2,5.59,21),(3,5.94,24),(4,6.28,19),(5,6.08,0),(6,6.32,21),(7,6.32,0),(8,6.15,0),(9,6.05,0),(10,5.52,23),(11,5.97,22),(12,6.5,18),(1,5.68,20),(2,5.52,22),(3,6.43,21),(4,6.23,0),(5,6.07,20),(6,6.5,20),(7,6.2,18),(8,6.29,23),(9,6.35,0),(10,6.36,23),(11,6.24,0),(12,6.49,24),(1,5.9,0),(2,6.18,24),(3,5.85,20),(4,5.94,0),(5,5.66,24),(6,5.99,24),(7,6.03,22),(8,6.18,25),(9,6.11,20),(10,5.65,23),(11,6.28,23),(12,5.65,23),(1,6.02,18),(2,6.28,23),(3,5.5,20),(4,5.76,20),(5,6.38,0),(6,6.25,24),(7,5.59,18),(8,6.15,24),(9,5.53,19),(10,6.45,0),(11,5.92,25),(12,5.72,0),(1,6.05,0),(2,6.26,0),(3,5.55,20),(4,6.35,18),(5,6.01,0),(6,6.25,19),(7,5.7,0),(8,5.85,19),(9,5.61,21),(10,5.96,0),(11,5.66,0),(12,5.51,0),(1,5.79,19),(2,6.36,18),(3,5.67,0),(4,6.29,0),(5,5.8,0),(6,6.07,18),(7,5.71,25),(8,5.77,20),(9,5.64,24),(10,5.92,0),(11,5.6,0),(12,5.9,21),(1,6.36,21),(2,5.57,24),(3,5.71,18),(4,6.07,21),(5,6.47,0),(6,6.29,0),(7,5.98,19),(8,5.59,19),(9,6.46,22),(10,6.22,0),(11,5.65,25),(12,5.77,25),(1,5.86,0),(2,6.02,0),(3,5.85,0),(4,5.56,21),(5,6.46,0),(6,5.68,23),(7,5.78,0),(8,5.93,20),(9,6.39,22),(10,5.66,0),(11,5.7,0),(12,6.15,0),(1,6.24,21),(2,6.1,0),(3,6.47,19),(4,6.48,24),(5,6.08,21),(6,5.75,19),(7,5.73,23),(8,5.53,18),(9,6.12,18),(10,6.48,19),(11,6.24,20),(12,6.45,19),(1,5.95,0),(2,5.97,24),(3,6.34,22),(4,6.08,25),(5,5.85,25),(6,6.37,25),(7,5.51,21),(8,6.23,18),(9,6.17,0),(10,5.84,24),(11,6.36,21),(12,5.91,0),(1,5.75,20),(2,5.7,25),(3,6.21,22),(4,5.83,18),(5,6.17,22),(6,5.78,25),(7,6.39,0),(8,6.12,24),(9,5.58,0),(10,5.59,25),(11,5.58,19),(12,6.32,18),(1,6.06,0),(2,5.55,24),(3,5.66,19),(4,5.9,24),(5,5.65,0),(6,5.68,25),(7,5.93,24),(8,5.65,19),(9,5.79,0),(10,5.64,19),(11,6.26,0),(12,5.78,20),(1,5.79,0),(2,6.02,23),(3,6.16,0),(4,6.44,20),(5,6.33,22),(6,6.01,23),(7,6.02,21),(8,5.9,18),(9,6.5,21),(10,6.21,22),(11,6.42,23),(12,5.54,22),(1,6.24,0),(2,5.58,24),(3,6.26,24),(4,5.74,22),(5,5.59,0),(6,6.28,18),(7,5.53,18),(8,6.42,0),(9,6.15,0),(10,5.72,25),(11,6.24,0),(12,6.35,0),(1,6.33,24),(2,6.21,0),(3,5.84,0),(4,5.85,0),(5,5.79,24),(6,5.54,0),(7,5.81,19),(8,6.47,18),(9,6.1,21),(10,6.17,22),(11,6.34,20),(12,5.58,19),(1,6.1,22),(2,6.18,0),(3,6.42,0),(4,5.75,18),(5,6.22,0),(6,5.59,20),(7,6.43,23),(8,6.17,0),(9,5.94,0),(10,5.55,21),(11,6.43,21),(12,6.01,0),(1,5.57,20),(2,5.81,25),(3,5.67,20),(4,5.6,0),(5,5.66,25),(6,6.41,0),(7,6.37,0),(8,5.89,22),(9,5.78,0),(10,6.43,20),(11,6.21,21),(12,5.64,24),(1,6.44,23),(2,6.28,25),(3,5.59,0),(4,6.34,22),(5,5.79,19),(6,6.09,22),(7,6.02,19),(8,5.91,22),(9,5.55,22),(10,6.45,22),(11,5.94,20),(12,6.47,20),(1,5.52,0),(2,5.76,19),(3,6.02,22),(4,6.2,25),(5,5.56,18),(6,5.63,21),(7,5.81,24),(8,6.12,19),(9,5.98,19),(10,5.97,24),(11,5.54,22),(12,5.59,23),(1,6.16,0),(2,6.33,25),(3,5.9,22),(4,5.65,25),(5,6.03,19),(6,6.15,0),(7,6.08,0),(8,5.7,22),(9,6.27,25),(10,6.18,0),(11,6.48,0),(12,6.14,0),(1,6.11,0),(2,5.63,0),(3,5.98,0),(4,5.85,22),(5,5.62,0),(6,5.74,24),(7,6.48,20),(8,5.82,0),(9,5.72,20),(10,6,18),(11,5.64,0),(12,5.89,0),(1,6.13,19),(2,6.25,0),(3,5.53,21),(4,6.34,24),(5,5.96,0),(6,6.27,20),(7,5.99,19),(8,5.59,19),(9,6.37,0),(10,6.08,0),(11,6.23,0),(12,6.31,0),(1,6.3,0),(2,6.32,0),(3,6.43,22),(4,6.03,0),(5,5.62,18),(6,5.64,21),(7,6.5,20),(8,5.75,20),(9,5.58,18),(10,5.8,0),(11,5.59,0),(12,5.87,25),(1,6.08,0),(2,5.73,24),(3,5.82,24),(4,5.52,0),(5,5.83,18),(6,6.3,19),(7,5.83,0),(8,5.69,25),(9,5.56,21),(10,5.85,21),(11,5.88,19),(12,6.1,0),(1,6.25,18),(2,6.47,20),(3,6.37,0),(4,6.35,23),(5,5.63,19),(6,6.11,18),(7,6.45,0),(8,5.95,0),(9,5.51,20),(10,6.45,0),(11,6.32,18),(12,6.41,22),(1,5.98,0),(2,5.6,22),(3,5.87,25),(4,6.06,18),(5,5.75,22),(6,5.69,0),(7,6.17,0),(8,5.74,21),(9,6.25,19),(10,5.65,20),(11,6.33,18),(12,5.51,0),(1,6.23,0),(2,5.75,23),(3,6.08,23),(4,5.93,24),(5,6.02,0),(6,6.15,19),(7,6.26,0),(8,5.8,19),(9,5.97,21),(10,6.13,19),(11,5.5,19),(12,5.97,0),(1,5.98,21),(2,5.76,0),(3,6.45,0),(4,6.25,0),(5,5.89,23),(6,5.65,23),(7,5.79,25),(8,6.29,25),(9,5.83,0),(10,5.87,0),(11,5.7,0),(12,5.94,18),(1,5.96,21),(2,5.84,23),(3,6.21,24),(4,5.91,22),(5,6.25,21),(6,6.05,0),(7,5.88,21),(8,5.56,18),(9,6.41,24),(10,5.93,0),(11,5.86,21),(12,5.88,22),(1,6.13,20),(2,5.64,20),(3,5.69,24),(4,5.97,25),(5,6.21,25),(6,6.2,24),(7,6.35,0),(8,6.21,0),(9,6.3,19),(10,6.01,24),(11,5.66,24),(12,6.19,25),(1,5.65,24),(2,6.26,22),(3,5.61,0),(4,6.28,18),(5,6.03,21),(6,5.7,0),(7,5.71,19),(8,5.96,18),(9,6.03,0),(10,5.63,25),(11,6.07,0),(12,6.28,23),(1,5.8,0),(2,5.67,22),(3,6.03,0),(4,6.06,0),(5,6.3,25),(6,5.9,22),(7,6.5,18),(8,6.21,25),(9,5.93,0),(10,6.38,22),(11,5.55,0),(12,6.12,0),(1,6.01,18),(2,6.19,22),(3,5.68,0),(4,6.29,0),(5,5.64,24),(6,5.56,18),(7,5.6,0),(8,5.95,24),(9,6.24,18),(10,5.89,0),(11,5.99,25),(12,6.19,19),(1,6.08,0),(2,6.38,24),(3,5.55,0),(4,5.65,24),(5,6.49,0),(6,6.47,0),(7,6.08,25),(8,5.84,24),(9,5.96,0),(10,5.91,25),(11,5.81,0),(12,5.69,22),(1,6.29,24),(2,5.98,23),(3,6,24),(4,6.16,0),(5,5.54,25),(6,6.06,20),(7,5.51,21),(8,5.78,23),(9,5.7,19),(10,6.28,0),(11,5.87,0),(12,6.49,0),(1,6.34,21),(2,6.5,25),(3,6.15,0),(4,6.27,25),(5,6.41,21),(6,6.33,0),(7,5.74,21),(8,5.85,0),(9,6.21,19),(10,5.86,21),(11,6.28,24),(12,5.63,0),(1,5.61,20),(2,6.31,0),(3,5.9,20),(4,6.27,22),(5,5.9,0),(6,6.45,0),(7,6.25,18),(8,6.05,0),(9,5.52,0),(10,6.35,25),(11,5.56,18),(12,5.78,19),(1,6.13,20),(2,6.21,0),(3,5.56,0),(4,5.98,21),(5,6.13,25),(6,5.84,0),(7,6.07,24),(8,5.91,0),(9,5.86,0),(10,6.05,0),(11,6.31,0),(12,5.89,19),(1,6.07,0),(2,5.7,19),(3,6.42,19),(4,6.18,25),(5,5.75,23),(6,5.73,20),(7,5.8,24),(8,6.35,0),(9,5.66,18),(10,6.11,19),(11,5.99,23),(12,5.69,24),(1,5.89,0),(2,5.67,25),(3,5.67,20),(4,6.47,21),(5,6.37,22),(6,5.97,0),(7,5.99,18),(8,5.71,18),(9,5.83,24),(10,6.14,21),(11,5.63,20),(12,6.05,0),(1,5.56,18),(2,5.99,19),(3,5.93,25),(4,5.85,22),(5,6.21,24),(6,5.79,25),(7,6.22,0),(8,5.56,0),(9,5.51,19),(10,6.2,0),(11,5.63,23),(12,5.86,0),(1,5.65,21),(2,6.33,20),(3,6.31,24),(4,5.82,0),(5,6.12,24),(6,5.86,0),(7,5.5,18),(8,5.75,25),(9,6.1,19),(10,6.47,25),(11,6.34,25),(12,5.82,0),(1,5.67,19),(2,6.06,0),(3,6.41,0),(4,5.51,0),(5,6.1,18),(6,5.61,23),(7,6.42,0),(8,5.87,25),(9,5.9,0),(10,5.73,22),(11,6.21,0),(12,6.22,0),(1,6.36,18),(2,5.73,0),(3,6.3,0),(4,6.26,0),(5,6.01,0),(6,6.22,0),(7,5.9,0),(8,6,19),(9,6.34,24),(10,5.51,18),(11,5.76,21),(12,6.38,18),(1,6.42,0),(2,5.85,19),(3,5.56,25),(4,5.89,22),(5,5.53,0),(6,5.83,23),(7,6.09,18),(8,6.29,22),(9,5.89,0),(10,6.38,18),(11,5.59,20),(12,6.15,0),(1,5.75,20),(2,6.13,20),(3,5.67,25),(4,6.29,24),(5,6.37,0),(6,5.54,25),(7,5.95,0),(8,5.96,22),(9,6.25,23),(10,5.92,22),(11,6.22,24),(12,6.11,18),(1,5.62,23),(2,5.87,0),(3,6.28,22),(4,5.6,23),(5,5.69,22),(6,5.94,0),(7,5.92,22),(8,5.54,0),(9,5.97,18),(10,5.75,22),(11,5.67,19),(12,6.47,22),(1,5.55,24),(2,5.94,24),(3,6.35,22),(4,6.3,21),(5,5.78,0),(6,6.09,0),(7,5.96,22),(8,5.67,21),(9,5.5,0),(10,5.81,0),(11,5.5,23),(12,5.71,25),(1,6.15,22),(2,5.77,0),(3,6.31,24),(4,5.81,0),(5,6.5,0),(6,6.4,22),(7,6.39,0),(8,5.75,22),(9,6.37,20),(10,6.48,25),(11,5.85,23),(12,6.5,19),(1,5.66,22),(2,5.54,0),(3,5.69,20),(4,6.03,0),(5,5.57,23),(6,6.32,21),(7,5.77,0),(8,6.33,0),(9,5.8,23),(10,5.84,22),(11,5.78,21),(12,6.38,0),(1,6.34,0),(2,6.27,23),(3,6.35,0),(4,6.35,21),(5,5.88,19),(6,5.6,24),(7,5.64,22),(8,5.8,25),(9,6.44,24),(10,6.07,25),(11,6.24,18),(12,6.08,0),(1,5.66,22),(2,5.87,0),(3,5.79,0),(4,6.25,22),(5,5.7,18),(6,5.93,20),(7,6.16,0),(8,6.08,0),(9,6.16,0),(10,5.83,0),(11,5.99,19),(12,6.24,22),(1,6.49,0),(2,5.74,24),(3,6.25,25),(4,5.63,23),(5,6.17,18),(6,5.54,0),(7,5.91,23),(8,5.78,0),(9,5.68,0),(10,5.96,25),(11,5.69,21),(12,5.52,0),(1,6.5,21),(2,5.93,0),(3,5.67,19),(4,6.19,22),(5,5.92,0),(6,6,22),(7,5.7,25),(8,6.05,0),(9,6,0),(10,6.03,0),(11,5.63,0),(12,5.55,23),(1,5.91,20),(2,5.55,22),(3,5.97,20),(4,5.96,0),(5,5.63,23),(6,5.69,24),(7,6.37,0),(8,6.47,24),(9,6.36,23),(10,6.27,0),(11,6.18,20),(12,5.84,18),(1,6.08,0),(2,6.23,23),(3,5.62,0),(4,5.52,21),(5,6.21,23),(6,6.46,21),(7,6.45,0),(8,5.61,18),(9,5.92,0),(10,6.25,0),(11,6.38,0),(12,5.92,22),(1,5.74,24),(2,6.18,0),(3,5.69,18),(4,6.19,0),(5,5.57,21),(6,5.81,21),(7,5.52,22),(8,6.32,0),(9,6.43,23),(10,5.51,24),(11,6.14,20),(12,5.97,20),(1,6.02,19),(2,5.61,21),(3,6.14,22),(4,5.73,0),(5,5.8,20),(6,6.09,0),(7,6.14,23),(8,6.49,25),(9,6.15,24),(10,5.99,19),(11,5.61,20),(12,5.68,23),(1,6.16,18),(2,5.98,18),(3,6.04,25),(4,6.04,25),(5,6.29,0),(6,6.22,19),(7,6.31,0),(8,6.41,25),(9,6.03,23),(10,6.25,0),(11,5.76,0),(12,5.61,18),(1,5.92,0),(2,5.95,21),(3,6.21,0),(4,6.34,0),(5,5.67,23),(6,6.49,25),(7,5.65,0),(8,6.19,0),(9,6.19,22),(10,6.1,0),(11,5.6,25),(12,5.87,21),(1,5.52,0),(2,6.21,20),(3,5.99,18),(4,6.15,0),(5,6.2,0),(6,5.85,22),(7,5.61,24),(8,6.39,25),(9,5.52,0),(10,5.72,21),(11,6.17,18),(12,5.79,0),(1,6.34,0),(2,6.22,0),(3,5.5,25),(4,6.34,21),(5,5.84,22),(6,6.17,25),(7,6.27,0),(8,5.65,21),(9,5.65,19),(10,6.03,22),(11,6.13,0),(12,5.7,24),(1,5.8,24),(2,6.47,21),(3,6.02,0),(4,6,19),(5,5.74,0),(6,5.63,24),(7,5.5,0),(8,6.16,0),(9,5.99,0),(10,5.86,25),(11,5.74,0),(12,6.07,25),(1,6.03,21),(2,5.6,21),(3,5.85,0),(4,5.9,22),(5,5.94,23),(6,5.64,21),(7,5.59,0),(8,6.19,24),(9,6.16,0),(10,5.68,20),(11,6.48,23),(12,6.32,24),(1,6.5,0),(2,5.63,18),(3,5.88,22),(4,5.64,20),(5,6.04,24),(6,5.96,24),(7,5.79,21),(8,5.97,18),(9,5.5,23),(10,5.85,0),(11,5.61,0),(12,6.16,25),(1,6.11,0),(2,5.73,0),(3,6.19,25),(4,5.97,0),(5,6.21,23),(6,5.76,20),(7,6.48,0),(8,6.12,20),(9,5.59,25),(10,5.6,25),(11,6.06,20),(12,5.79,0),(1,5.68,18),(2,6.32,19),(3,6.28,19),(4,5.89,23),(5,6.13,0),(6,6.18,24),(7,5.57,0),(8,6.17,18),(9,5.87,19),(10,6.03,22),(11,5.7,18),(12,5.98,20),(1,6.36,18),(2,6.5,22),(3,5.6,0),(4,6.18,20),(5,5.66,19),(6,5.76,0),(7,6.01,18),(8,6,0),(9,5.67,22),(10,5.79,0),(11,6.25,0),(12,6.03,0),(1,5.66,0),(2,6.01,0),(3,5.82,0),(4,5.84,0),(5,6,22),(6,6.06,23),(7,6.23,0),(8,5.89,18),(9,6.16,24),(10,5.83,0),(11,5.95,0),(12,6.4,18),(1,6.11,19),(2,5.8,24),(3,5.67,0),(4,6.11,25),(5,6.1,22),(6,5.64,0),(7,6.39,22),(8,5.78,23),(9,6.3,18),(10,5.54,22),(11,6.34,0),(12,6.02,0),(1,6.32,18),(2,6.12,0),(3,5.74,0),(4,5.51,21),(5,6.18,24),(6,5.75,0),(7,5.62,20),(8,5.83,19),(9,5.85,0),(10,6.45,24),(11,6.04,23),(12,5.75,0),(1,6.22,0),(2,6.09,18),(3,5.5,0),(4,5.54,0),(5,5.83,0),(6,6.04,0),(7,6.48,0),(8,5.61,23),(9,6.25,19),(10,5.9,0),(11,5.54,24),(12,5.74,0),(1,6.41,23),(2,6.4,21),(3,5.8,23),(4,5.76,0),(5,5.86,19),(6,6.03,0),(7,6.36,24),(8,6.2,0),(9,6.34,23),(10,6.17,0),(11,5.6,19),(12,6.11,18),(1,6.27,0),(2,6.17,25),(3,5.56,0),(4,6.43,24),(5,5.61,22),(6,6.22,24),(7,5.56,20),(8,6.32,0),(9,5.82,0),(10,6.37,20),(11,5.57,0),(12,6.25,19),(1,5.67,18),(2,5.56,23),(3,5.93,22),(4,6.24,19),(5,6.15,18),(6,6.16,0),(7,6.12,0),(8,5.93,22),(9,6.17,0),(10,5.9,22),(11,5.94,25),(12,6.43,21),(1,6.2,0),(2,6.35,19),(3,6.32,22),(4,6.4,21),(5,6.38,18),(6,6,0),(7,6.25,22),(8,5.73,19),(9,5.7,0),(10,6.41,0),(11,6.1,23),(12,6.01,19),(1,6.31,22),(2,6.5,21),(3,6.16,22),(4,5.5,18),(5,5.72,0),(6,5.75,20),(7,5.79,18),(8,6.44,21),(9,6.29,0),(10,6,0),(11,5.81,0),(12,5.57,23),(1,5.65,21),(2,6.35,21),(3,6.25,0),(4,6.03,18),(5,6.45,21),(6,5.74,19),(7,6,18),(8,6.22,25),(9,6.26,22),(10,5.82,0),(11,6.12,24),(12,5.83,18),(1,5.57,23),(2,5.78,22),(3,6.42,0),(4,6.31,20),(5,6.19,18),(6,6.36,19),(7,5.77,24),(8,6.38,18),(9,5.5,25),(10,5.72,21),(11,5.76,0),(12,5.5,0),(1,5.64,25),(2,5.67,25),(3,6.46,0),(4,6.27,19),(5,5.73,22),(6,5.8,25),(7,5.93,25),(8,5.58,25),(9,6.42,0),(10,5.59,18),(11,5.65,25),(12,6.14,0),(1,6.39,0),(2,5.94,0),(3,5.7,0),(4,6,20),(5,6.39,0),(6,5.74,0),(7,5.62,19),(8,5.56,23),(9,6.21,0),(10,6.36,21),(11,6.24,19),(12,5.56,21),(1,6.18,25),(2,6.27,25),(3,5.55,0),(4,5.73,23),(5,5.69,18),(6,5.87,23),(7,6.25,20),(8,6.08,23),(9,6.32,0),(10,5.83,19),(11,5.99,22),(12,5.51,19),(1,6.22,0),(2,6.33,0),(3,5.6,23),(4,5.85,25),(5,6.43,23),(6,6.04,23),(7,5.53,0),(8,5.87,22),(9,5.65,25),(10,5.71,23),(11,5.72,0),(12,5.81,0),(1,5.94,22),(2,5.78,0),(3,5.65,0),(4,6.46,23),(5,5.61,0),(6,6.36,18),(7,5.65,0),(8,5.56,0),(9,5.54,24),(10,6.17,18),(11,5.65,24),(12,5.72,21),(1,6.47,18),(2,6.13,23),(3,6.12,21),(4,5.59,0),(5,5.91,23),(6,6.23,25),(7,5.99,0),(8,6.13,0),(9,5.81,19),(10,5.52,19),(11,5.62,18),(12,6.46,22),(1,5.74,23),(2,6.06,24),(3,5.89,0),(4,6.05,25),(5,5.97,22),(6,5.79,20),(7,6.33,19),(8,5.64,19),(9,6.5,0),(10,5.92,19),(11,5.69,21),(12,5.64,0),(1,5.8,20),(2,6.43,0),(3,6.33,0),(4,5.94,25),(5,6.27,22),(6,6.15,0),(7,5.73,0),(8,5.58,0),(9,5.92,0),(10,6.14,22),(11,5.7,25),(12,6.47,0),(1,6.18,18),(2,6.22,20),(3,5.98,21),(4,5.58,18),(5,5.77,20),(6,5.85,24),(7,5.72,23),(8,6.31,20),(9,5.52,18),(10,6.33,18),(11,6.35,0),(12,5.71,0),(1,6.42,23),(2,5.89,20),(3,5.56,22),(4,5.54,20),(5,5.87,0),(6,6.33,0),(7,6.05,18),(8,5.88,0),(9,5.66,21),(10,6.26,24),(11,5.92,19),(12,6.49,0),(1,6.36,19),(2,6.24,24),(3,6.32,22),(4,5.71,0),(5,6.47,22),(6,6.03,20),(7,5.61,22),(8,5.89,0),(9,6.15,0),(10,5.54,20),(11,5.94,19),(12,5.59,0),(1,6.21,19),(2,5.74,0),(3,6.14,19),(4,5.89,0),(5,6.27,25),(6,5.55,24),(7,5.74,0),(8,5.85,0),(9,6.47,25),(10,5.65,0),(11,6.27,0),(12,6.15,21),(1,6.48,22),(2,6.15,24),(3,6.32,20),(4,6.15,20),(5,5.62,0),(6,6.08,20),(7,6.38,0),(8,5.64,0),(9,6.46,20),(10,6.4,22),(11,6.27,21),(12,5.5,0),(1,6.27,23),(2,5.75,19),(3,6.48,18),(4,5.69,18),(5,6.21,23),(6,6.38,0),(7,6.11,0),(8,5.85,0),(9,5.59,0),(10,6.34,23),(11,5.79,0),(12,5.63,0),(1,6.28,20),(2,6.38,18),(3,5.53,22),(4,6.16,24),(5,5.86,0),(6,6.32,23),(7,5.75,0),(8,6.16,0),(9,6.3,21),(10,5.57,0),(11,5.8,0),(12,6.05,18),(1,6.07,0),(2,5.86,23),(3,5.84,25),(4,6.23,0),(5,5.51,0),(6,5.92,23),(7,6.42,19),(8,5.55,18),(9,6.22,18),(10,5.58,25),(11,5.67,23),(12,5.87,21),(1,6.09,0),(2,6.19,21),(3,6.43,0),(4,5.69,0),(5,6.4,18),(6,5.79,0),(7,6.43,21),(8,5.88,25),(9,5.58,21),(10,6.42,23),(11,6.44,19),(12,5.93,22),(1,5.54,21),(2,5.54,24),(3,5.96,0),(4,6.27,0),(5,5.94,21),(6,5.95,0),(7,5.5,21),(8,6.49,19),(9,6.27,20),(10,5.92,20),(11,6.32,22),(12,6.47,19),(1,6.15,25),(2,6.45,18),(3,5.98,0),(4,6.32,19),(5,5.59,0),(6,6.22,25),(7,5.68,18),(8,5.77,0),(9,5.74,22),(10,5.75,22),(11,5.98,18),(12,6.32,0),(1,5.7,25),(2,5.64,0),(3,6,0),(4,6.29,0),(5,5.68,25),(6,5.86,18),(7,5.92,0),(8,5.74,25),(9,5.94,18),(10,5.72,0),(11,5.66,0),(12,6.36,0),(1,6.43,21),(2,5.93,0),(3,5.7,0),(4,5.53,24),(5,5.54,0),(6,6.37,19),(7,6.23,0),(8,5.93,0),(9,6.28,20),(10,6.13,21),(11,5.89,21),(12,6.25,21),(1,5.88,20),(2,6.42,0),(3,5.93,19),(4,6.12,0),(5,5.89,18),(6,5.6,18),(7,6.31,20),(8,5.97,19),(9,5.85,20),(10,6.33,0),(11,6.44,0),(12,6.05,19),(1,5.9,24),(2,5.62,22),(3,5.88,21),(4,6.05,22),(5,6.48,0),(6,5.85,23),(7,6.5,0),(8,6.41,0),(9,5.69,20),(10,6.18,21),(11,5.82,21),(12,6.43,0),(1,6.25,25),(2,5.89,0),(3,6.01,0),(4,5.52,19),(5,5.56,0),(6,6.24,0),(7,5.8,0),(8,6.27,20),(9,5.69,18),(10,5.64,18),(11,5.63,21),(12,5.78,22),(1,6.13,19),(2,6.43,18),(3,5.85,20),(4,6.03,25),(5,5.89,0),(6,5.64,22),(7,6.41,0),(8,5.71,23),(9,6.04,18),(10,6.17,0),(11,6.17,18),(12,5.79,0),(1,6.21,23),(2,5.51,18),(3,6.11,0),(4,5.55,0),(5,5.93,21),(6,6.31,0),(7,6.03,24),(8,5.78,0),(9,5.94,25),(10,6.13,20),(11,6.08,24),(12,5.82,18),(1,5.89,0),(2,5.6,22),(3,6.09,0),(4,5.74,20),(5,5.74,19),(6,5.63,20),(7,5.84,23),(8,5.63,0),(9,6.44,0),(10,6.35,21),(11,5.97,0),(12,5.72,18),(1,6.31,25),(2,6.34,20),(3,5.51,22),(4,6.48,0),(5,5.95,25),(6,6.34,0),(7,6.27,22),(8,6.06,20),(9,6.41,21),(10,5.72,24),(11,5.62,0),(12,6.16,20),(1,5.92,0),(2,5.65,21),(3,6.25,0),(4,5.84,25),(5,5.79,20),(6,6.37,0),(7,5.91,23),(8,5.79,21),(9,6.45,0),(10,5.82,0),(11,5.67,21),(12,5.53,20),(1,6.17,0),(2,6.08,20),(3,5.57,18),(4,5.68,0),(5,6.2,25),(6,5.65,19),(7,6.46,25),(8,6.34,0),(9,5.54,19),(10,6.32,0),(11,5.83,20),(12,6.16,18),(1,6.06,20),(2,5.5,24),(3,5.76,0),(4,5.82,25),(5,5.52,18),(6,6.27,18),(7,6.08,18),(8,5.5,18),(9,5.8,18),(10,5.91,0),(11,5.58,0),(12,6.04,0),(1,5.83,21),(2,6.37,24),(3,5.77,20),(4,5.89,22),(5,6.27,0),(6,5.82,19),(7,5.75,23),(8,6.17,0),(9,5.73,0),(10,6.45,0),(11,5.74,18),(12,5.92,21),(1,5.91,22),(2,5.76,18),(3,6.47,23),(4,6.16,0),(5,6.32,0),(6,5.8,0),(7,6.29,25),(8,6.34,24),(9,6.08,25),(10,5.65,19),(11,6.37,22),(12,6.26,22),(1,6.5,23),(2,5.68,25),(3,5.53,23),(4,5.9,0),(5,5.56,22),(6,6.04,23),(7,5.68,0),(8,6.03,22),(9,6.38,23),(10,5.86,0),(11,6.16,0),(12,5.9,0),(1,5.65,21),(2,5.69,25),(3,6.42,0),(4,5.9,24),(5,6.19,0),(6,5.53,0),(7,5.53,0),(8,5.56,18),(9,5.58,0),(10,6.42,21),(11,5.59,0),(12,6.21,0),(1,5.95,22),(2,6.4,19),(3,5.53,19),(4,6.09,0),(5,6.26,21),(6,6.04,0),(7,6.09,18),(8,6.02,0),(9,5.65,18),(10,6.38,0),(11,5.79,21),(12,5.75,21),(1,6.15,25),(2,5.78,19),(3,6.15,21),(4,6.27,20),(5,5.5,21),(6,5.9,23),(7,6.13,0),(8,6.43,19),(9,5.92,24),(10,5.71,24),(11,5.82,18),(12,5.5,18),(1,5.58,18),(2,5.54,0),(3,5.58,25),(4,5.74,0),(5,6.15,23),(6,5.94,0),(7,6.3,24),(8,6.45,20),(9,6.21,23),(10,5.83,23),(11,5.9,24),(12,6.07,20),(1,5.72,25),(2,5.83,0),(3,6.4,24),(4,5.75,19),(5,5.72,24),(6,5.54,0),(7,5.65,0),(8,6.06,21),(9,5.65,23),(10,5.73,20),(11,6.21,24),(12,6.06,0),(1,5.72,24),(2,5.86,0),(3,5.92,24),(4,6.05,20),(5,6.01,0),(6,5.62,25),(7,6.06,24),(8,6.21,21),(9,6.19,21),(10,6.31,0),(11,5.8,21),(12,6.05,0),(1,6.17,25),(2,5.56,24),(3,6.38,23),(4,5.94,23),(5,6.47,23),(6,6.02,0),(7,5.87,0),(8,6.1,24),(9,6.4,21),(10,5.77,0),(11,6,21),(12,5.96,23),(1,6.4,0),(2,6.19,0),(3,6.22,18),(4,6.3,0),(5,5.81,21),(6,6.27,21),(7,5.64,0),(8,5.62,23),(9,5.57,23),(10,6.3,0),(11,5.96,25),(12,5.8,0),(1,6.46,23),(2,6.02,18),(3,5.54,0),(4,6.32,25),(5,6.33,18),(6,6.39,0),(7,5.98,22),(8,5.64,25),(9,5.51,24),(10,5.84,22),(11,6.36,24),(12,5.53,19),(1,5.91,22),(2,6.03,0),(3,6.4,0),(4,6.2,0),(5,6.38,23),(6,6.38,25),(7,5.64,22),(8,5.88,0),(9,6.04,22),(10,6.43,0),(11,5.8,0),(12,5.51,23),(1,6.06,21),(2,5.56,0),(3,5.85,0),(4,5.57,21),(5,6.49,22),(6,6.47,25),(7,6.14,23),(8,6.01,0),(9,6.08,0),(10,6.21,25),(11,5.57,20),(12,5.65,0),(1,5.73,0),(2,5.9,25),(3,6.26,24),(4,6.33,21),(5,6.33,0),(6,5.74,20),(7,5.99,21),(8,6.08,18),(9,6.22,0),(10,6.28,25),(11,5.52,22),(12,5.69,22),(1,6.33,18),(2,5.89,20),(3,5.55,24),(4,5.57,18),(5,6.37,18),(6,5.55,20),(7,6.11,25),(8,5.52,20),(9,6.23,22),(10,5.76,20),(11,5.95,25),(12,6.33,0),(1,5.94,22),(2,6.39,0),(3,5.56,0),(4,5.84,0),(5,5.67,25),(6,5.53,18),(7,5.81,25),(8,6.29,21),(9,5.9,25),(10,6.38,0),(11,6.15,18),(12,6.04,24),(1,6.16,20),(2,5.76,0),(3,6.35,18),(4,6.3,0),(5,6.32,22),(6,5.66,18),(7,5.77,0),(8,5.63,0),(9,5.68,0),(10,6.15,25),(11,5.72,19),(12,5.57,25),(1,5.86,22),(2,5.57,24),(3,5.59,23),(4,6.44,23),(5,5.51,23),(6,5.87,0),(7,5.81,0),(8,5.59,0),(9,5.72,0),(10,6.15,25),(11,5.94,21),(12,5.54,0),(1,5.96,0),(2,5.98,19),(3,5.55,18),(4,6.46,20),(5,5.68,0),(6,5.9,24),(7,6.14,0),(8,6.49,20),(9,5.88,23),(10,5.83,0),(11,6.35,21),(12,5.95,21),(1,5.98,0),(2,5.58,25),(3,5.92,0),(4,6.36,25),(5,5.55,21),(6,6.11,22),(7,6.34,25),(8,5.9,25),(9,5.54,24),(10,5.87,0),(11,6.49,23),(12,6.12,0),(1,6.17,18),(2,6.46,18),(3,5.53,0),(4,6.29,0),(5,5.57,20),(6,6.49,18),(7,5.83,24),(8,5.67,0),(9,5.99,19),(10,6.17,19),(11,6.37,21),(12,6.12,24),(1,6.06,0),(2,5.62,21),(3,5.86,24),(4,6.34,22),(5,6.4,19),(6,6.38,0),(7,6.2,0),(8,6.31,0),(9,5.51,19),(10,5.62,21),(11,6.12,22),(12,6.34,20),(1,6.43,0),(2,5.86,24),(3,6.01,20),(4,5.62,21),(5,6.22,0),(6,6.13,18),(7,5.77,0),(8,6.48,23),(9,5.96,20),(10,5.84,0),(11,5.67,22),(12,6.24,0),(1,5.5,0),(2,5.75,0),(3,5.93,0),(4,6.46,19),(5,6.18,24),(6,5.59,20),(7,6.12,23),(8,6.15,20),(9,5.96,21),(10,6.04,0),(11,6.29,19),(12,5.55,0),(1,5.96,24),(2,5.82,18),(3,5.81,0),(4,5.93,20),(5,6.48,25),(6,6.32,0),(7,6.22,22),(8,5.94,22),(9,5.63,21),(10,5.64,0),(11,5.85,24),(12,5.73,0),(1,6.19,25),(2,5.9,22),(3,6.14,20),(4,6.39,0),(5,5.68,24),(6,6.19,0),(7,6.43,21),(8,6.31,21),(9,6.14,21),(10,5.51,19),(11,5.65,0),(12,6.46,20),(1,6.15,0),(2,5.75,25),(3,6.43,0),(4,5.55,25),(5,6.26,25),(6,6.33,0),(7,6.35,20),(8,6.3,21),(9,6.44,0),(10,5.77,20),(11,6.48,21),(12,6.26,23),(1,5.6,18),(2,6.06,22),(3,6.09,20),(4,5.64,23),(5,5.56,24),(6,5.82,0),(7,5.78,18),(8,5.86,20),(9,6.04,22),(10,6.37,0),(11,6.27,21),(12,6.21,0),(1,6.2,0),(2,6.17,21),(3,6.32,0),(4,5.98,18),(5,6.22,18),(6,6.07,0),(7,6.24,0),(8,6.21,19),(9,5.65,0),(10,5.97,19),(11,5.5,25),(12,5.78,19),(1,6.02,0),(2,5.53,24),(3,5.8,23),(4,5.92,0),(5,5.96,21),(6,5.79,20),(7,5.77,0),(8,6.3,0),(9,6.37,23),(10,6.11,0),(11,6.09,0),(12,6.2,0),(1,6.23,21),(2,6.41,22),(3,5.81,22),(4,5.75,23),(5,5.93,19),(6,6.22,0),(7,5.5,22),(8,6.09,0),(9,5.53,21),(10,5.57,19),(11,5.68,25),(12,5.71,18),(1,5.9,0),(2,6.09,0),(3,5.52,23),(4,6.35,23),(5,6.17,23),(6,5.82,22),(7,5.85,18),(8,5.82,20),(9,5.82,22),(10,6.19,0),(11,6.21,0),(12,5.5,0),(1,5.76,0),(2,5.77,25),(3,5.91,19),(4,6.19,0),(5,6.3,19),(6,6.38,0),(7,6.35,20),(8,6.1,21),(9,6.2,24),(10,5.89,25),(11,5.98,18),(12,5.99,0),(1,6.13,24),(2,6.49,20),(3,5.68,19),(4,6.3,22),(5,6.16,0),(6,5.6,25),(7,5.79,21),(8,6.26,19),(9,5.71,0),(10,5.81,0),(11,5.8,0),(12,5.99,21),(1,5.91,0),(2,6.1,22),(3,6.49,0),(4,6.1,23),(5,5.86,22),(6,6.44,25),(7,6.38,23),(8,6.22,19),(9,5.54,0),(10,5.75,25),(11,6.3,25),(12,5.97,24),(1,5.86,0),(2,5.87,0),(3,5.79,0),(4,6.36,19),(5,6.5,21),(6,5.93,0),(7,6.14,0),(8,5.93,25),(9,6,18),(10,6.21,18),(11,5.7,24),(12,5.56,20),(1,6.4,22),(2,5.69,21),(3,6.16,23),(4,6.14,24),(5,6.25,23),(6,5.66,18),(7,6.3,21),(8,5.73,19),(9,6.48,0),(10,6.23,18),(11,6.45,23),(12,5.75,0),(1,5.75,24),(2,5.79,0),(3,5.73,0),(4,6.46,25),(5,6.27,0),(6,6.35,25),(7,5.78,20),(8,5.92,21),(9,5.53,18),(10,5.87,0),(11,6.27,22),(12,5.92,20),(1,5.86,23),(2,6.28,21),(3,6.19,20),(4,5.73,23),(5,5.93,20),(6,6.16,0),(7,5.93,20),(8,6.08,0),(9,5.84,21),(10,5.99,0),(11,6.38,25),(12,5.82,24),(1,5.68,24),(2,6.2,0),(3,5.56,24),(4,5.87,0),(5,5.78,21),(6,6.24,0),(7,6.5,0),(8,5.94,0),(9,6.1,25),(10,6.02,22),(11,6.14,18),(12,6.32,19),(1,5.82,25),(2,5.68,20),(3,5.9,18),(4,5.61,25),(5,5.66,25),(6,6.35,25),(7,5.92,23),(8,6.26,23),(9,6.32,0),(10,5.62,23),(11,5.56,0),(12,5.95,20),(1,6.03,24),(2,6.06,25),(3,6.15,0),(4,6.13,18),(5,5.57,22),(6,6.24,0),(7,6.28,18),(8,6.26,23),(9,6.14,0),(10,5.83,24),(11,6.27,0),(12,5.69,22),(1,5.89,22),(2,6.11,21),(3,6.4,20),(4,5.93,22),(5,5.82,21),(6,5.64,0),(7,5.5,23),(8,5.5,18),(9,5.55,25),(10,5.51,21),(11,6.33,23),(12,5.65,21),(1,6.4,0),(2,6.5,24),(3,6.14,0),(4,6.24,20),(5,5.82,25),(6,5.67,20),(7,5.79,22),(8,6.09,19),(9,6.28,22),(10,6.08,25),(11,5.96,0),(12,6.48,19),(1,6.03,24),(2,5.78,0),(3,5.98,23),(4,5.75,25),(5,5.58,0),(6,6.05,23),(7,5.7,21),(8,5.72,21),(9,5.55,0),(10,5.9,24),(11,6.06,24),(12,5.73,21),(1,6.24,0),(2,5.67,0),(3,6.3,20),(4,5.7,21),(5,6.22,0),(6,5.99,24),(7,6.28,20),(8,6.26,0),(9,5.98,23),(10,5.68,0),(11,6.28,25),(12,5.51,20),(1,6.48,0),(2,6.17,18),(3,5.66,24),(4,5.76,19),(5,6.24,24),(6,6.22,0),(7,6.39,23),(8,6.39,20),(9,6.42,0),(10,6.27,18),(11,5.98,19),(12,5.62,0),(1,5.72,0),(2,5.56,22),(3,5.79,22),(4,6.13,19),(5,6.43,0),(6,5.93,25),(7,5.86,0),(8,5.5,18),(9,5.68,22),(10,6.15,24),(11,5.73,22),(12,6.37,21),(1,6.48,0),(2,6.01,24),(3,5.5,0),(4,6.04,19),(5,6.49,21),(6,6.45,21),(7,5.89,25),(8,6.39,21),(9,6.01,25),(10,6.29,18),(11,5.8,20),(12,6.12,20),(1,5.65,23),(2,5.73,20),(3,6.38,0),(4,6.4,18),(5,5.67,25),(6,5.71,0),(7,5.87,0),(8,6.42,0),(9,6.18,22),(10,5.72,0),(11,6.16,24),(12,6.2,22),(1,6.34,20),(2,6.16,0),(3,5.66,18),(4,5.72,0),(5,5.51,18),(6,5.58,18),(7,5.65,0),(8,6.43,22),(9,5.94,19),(10,6.34,19),(11,6.08,23),(12,6.33,0),(1,5.98,24),(2,6.11,18),(3,5.75,0),(4,6.15,0),(5,6.04,0),(6,5.94,0),(7,5.72,20),(8,6.46,0),(9,6.06,0),(10,6.15,23),(11,6.39,22),(12,6.33,0),(1,5.71,0),(2,6.42,23),(3,6.47,20),(4,5.97,22),(5,6.42,24),(6,5.55,0),(7,6.15,24),(8,6.34,23),(9,6.35,22),(10,5.92,20),(11,6.47,25),(12,5.53,0),(1,5.82,25),(2,6.47,0),(3,5.95,24),(4,5.91,18),(5,6.3,0),(6,5.65,20),(7,5.93,0),(8,6.41,0),(9,5.72,25),(10,5.7,0),(11,6.35,24),(12,6.3,24),(1,6.24,0),(2,6.15,24),(3,5.93,18),(4,6.26,22),(5,5.99,23),(6,6.01,18),(7,5.86,23),(8,6.22,0),(9,6.17,25),(10,5.96,0),(11,6.14,20),(12,5.91,25),(1,6.14,0),(2,6.12,21),(3,6.34,25),(4,5.54,23),(5,6.44,25),(6,5.99,0),(7,6.02,21),(8,5.83,25),(9,5.54,18),(10,6.24,25),(11,5.69,25),(12,5.97,21),(1,6.28,22),(2,6.47,0),(3,5.6,21),(4,6.38,18),(5,6.5,0),(6,5.61,0),(7,5.75,24),(8,5.69,0),(9,6,21),(10,6.46,18),(11,5.87,19),(12,6.47,0),(1,5.61,18),(2,5.59,19),(3,5.61,19),(4,5.85,22),(5,5.53,0),(6,5.9,0),(7,6.32,23),(8,6.49,0),(9,6.34,0),(10,6.42,18),(11,6.22,21),(12,5.89,20),(1,6.19,22),(2,5.78,0),(3,5.58,19),(4,5.98,23),(5,5.79,22),(6,6.38,0),(7,6.06,0),(8,5.52,19),(9,6.37,0),(10,5.96,21),(11,5.81,24),(12,6.2,0),(1,5.76,0),(2,5.7,18),(3,5.54,0),(4,5.77,18),(5,5.8,25),(6,6.15,23),(7,5.97,25),(8,6.29,22),(9,6.36,19),(10,6.2,0),(11,5.51,18),(12,6.02,19),(1,5.89,21),(2,5.78,25),(3,5.79,0),(4,5.85,21),(5,5.74,21),(6,5.68,20),(7,6.1,0),(8,6.15,0),(9,6.29,18),(10,5.89,19),(11,6.01,22),(12,5.77,0),(1,6.31,24),(2,5.62,0),(3,5.57,0),(4,6.23,18),(5,6.06,19),(6,6.49,22),(7,6.45,0),(8,6.11,25),(9,5.56,19),(10,6.12,20),(11,6.24,18),(12,5.87,22),(1,6.22,0),(2,6,19),(3,6.36,24),(4,6.46,23),(5,5.76,22),(6,6.09,25),(7,5.61,20),(8,6.15,23),(9,6.5,24),(10,5.97,0),(11,6.41,21),(12,5.73,25),(1,6.45,18),(2,6.46,20),(3,6.14,21),(4,5.92,19),(5,5.83,20),(6,5.63,0),(7,5.5,19),(8,6.14,0),(9,5.74,20),(10,5.71,20),(11,6.5,22),(12,5.68,19),(1,5.6,20),(2,6.38,0),(3,5.8,21),(4,5.74,19),(5,6.16,21),(6,5.7,23),(7,5.97,24),(8,5.72,23),(9,6.17,25),(10,6.39,20),(11,5.84,18),(12,6.39,18),(1,5.75,23),(2,5.87,24),(3,5.8,0),(4,5.63,0),(5,6.35,0),(6,6.27,19),(7,6.15,18),(8,6.15,20),(9,5.71,0),(10,6,0),(11,5.63,0),(12,5.88,0),(1,6.11,25),(2,5.91,22),(3,6.37,19),(4,6.43,0),(5,6.34,0),(6,6.46,25),(7,5.6,22),(8,5.8,23),(9,5.73,23),(10,5.93,0),(11,6.41,0),(12,5.79,20),(1,6.05,0),(2,6.37,0),(3,6,0),(4,6.04,23),(5,5.8,18),(6,6.18,20),(7,5.98,18),(8,6.16,20),(9,6.28,23),(10,6.03,20),(11,5.99,25),(12,6.5,25),(1,5.97,22),(2,6.26,24),(3,6.49,22),(4,6.2,24),(5,6.06,20),(6,5.74,22),(7,5.55,0),(8,5.72,22),(9,6.21,0),(10,6.37,0),(11,6.27,20),(12,5.59,0),(1,5.77,0),(2,6.23,21),(3,6.47,0),(4,5.87,23),(5,6.22,23),(6,6.07,21),(7,6.38,0),(8,6.21,0),(9,5.61,25),(10,6.3,0),(11,6.32,0),(12,5.59,18),(1,6.22,22),(2,5.9,24),(3,6.34,18),(4,5.58,0),(5,5.59,0),(6,5.84,18),(7,5.9,22),(8,5.64,18),(9,5.67,0),(10,5.84,23),(11,6.36,19),(12,5.74,25),(1,6.44,23),(2,5.88,22),(3,5.96,23),(4,6.15,19),(5,6.35,18),(6,5.8,0),(7,6.25,0),(8,5.76,21),(9,5.68,0),(10,6.19,22),(11,6.15,18),(12,5.6,0),(1,6.37,24),(2,5.57,0),(3,6,20),(4,6.33,24),(5,6.19,0),(6,6.46,0),(7,6.06,19),(8,6.17,19),(9,5.74,25),(10,6.37,0),(11,5.5,19),(12,6.4,23),(1,6.11,25),(2,6.48,18),(3,6.21,24),(4,5.96,0),(5,5.57,23),(6,5.59,0),(7,5.86,0),(8,5.98,19),(9,5.86,23),(10,6.23,22),(11,5.85,18),(12,5.56,21),(1,5.96,24),(2,5.78,0),(3,6.32,21),(4,5.72,0),(5,6.16,0),(6,5.52,23),(7,5.63,0),(8,5.61,23),(9,5.63,21),(10,6.43,0),(11,6.09,24),(12,5.75,20),(1,6.15,20),(2,6.04,21),(3,5.7,0),(4,6.35,22),(5,5.7,0),(6,5.63,18),(7,5.78,0),(8,6.49,0),(9,5.89,0),(10,6.31,25),(11,5.55,24),(12,6.04,22),(1,6.22,0),(2,6.47,0),(3,5.65,21),(4,5.63,25),(5,6.49,0),(6,6.08,0),(7,5.81,0),(8,6.05,24),(9,5.83,23),(10,6.3,0),(11,5.93,25),(12,5.69,0),(1,6.29,0),(2,6.31,21),(3,6.28,25),(4,6.46,20),(5,5.79,25),(6,5.53,0),(7,5.91,0),(8,6.33,24),(9,6.36,0),(10,6.29,24),(11,6.47,19),(12,5.58,0),(1,5.55,25),(2,5.55,0),(3,6.4,0),(4,5.54,23),(5,6.17,21),(6,5.75,19),(7,6.36,21),(8,6.33,0),(9,5.62,19),(10,5.6,23),(11,5.95,19),(12,5.52,24),(1,6.18,18),(2,5.57,18),(3,6.13,0),(4,5.8,20),(5,5.56,0),(6,6.23,0),(7,6.5,19),(8,6.34,22),(9,6.34,23),(10,6.42,0),(11,6.19,20),(12,6.21,19),(1,5.5,0),(2,5.97,19),(3,5.91,0),(4,5.75,22),(5,6.07,22),(6,5.93,22),(7,6.46,23),(8,5.72,0),(9,5.87,0),(10,5.64,21),(11,6.19,22),(12,6.28,0),(1,5.79,0),(2,5.92,25),(3,6.05,0),(4,5.79,21),(5,6.45,0),(6,6.28,23),(7,5.99,22),(8,6.05,21),(9,5.97,22),(10,6.37,0),(11,6.3,20),(12,5.72,22),(1,6.11,22),(2,6.13,22),(3,6.08,21),(4,5.7,25),(5,5.86,25),(6,5.98,0),(7,6.04,0),(8,6.16,0),(9,6.46,25),(10,6.2,23),(11,6.3,19),(12,6.15,18),(1,6.36,0),(2,5.54,0),(3,5.74,18),(4,6.48,19),(5,6.47,0),(6,5.63,0),(7,5.91,19),(8,5.56,0),(9,5.75,21),(10,5.66,0),(11,6.36,25),(12,6.46,20),(1,6.39,24),(2,5.84,25),(3,6.01,21),(4,5.86,22),(5,6.3,0),(6,5.85,0),(7,5.95,0),(8,5.95,0),(9,5.82,0),(10,5.89,0),(11,5.5,21),(12,6.16,23),(1,5.52,0),(2,6.27,0),(3,6.4,0),(4,5.83,0),(5,5.7,0),(6,6.36,23),(7,5.84,0),(8,5.57,19),(9,5.59,21),(10,5.61,24),(11,6.45,0),(12,5.75,21),(1,6.37,0),(2,6.06,0),(3,6.24,0),(4,5.51,20),(5,5.75,0),(6,6.34,0),(7,5.52,18),(8,5.52,21),(9,5.99,0),(10,5.53,20),(11,6.27,21),(12,5.8,0),(1,5.82,0),(2,5.64,25),(3,5.85,18),(4,6.41,23),(5,5.55,0),(6,5.56,0),(7,5.5,21),(8,6.18,0),(9,6.28,19),(10,5.64,0),(11,6.21,21),(12,6.14,0),(1,6.02,25),(2,5.71,22),(3,5.83,25),(4,6.42,18),(5,6.3,25),(6,5.71,21),(7,6.09,20),(8,6.49,0),(9,5.85,24),(10,6.34,0),(11,5.79,0),(12,5.77,23),(1,6.41,0),(2,5.75,18),(3,5.75,20),(4,6.13,19),(5,5.55,22),(6,6.35,21),(7,5.75,23),(8,6.2,18),(9,5.75,0),(10,6.41,23),(11,6.16,0),(12,5.91,20),(1,5.64,18),(2,5.62,19),(3,6.27,24),(4,5.95,21),(5,5.55,21),(6,6.31,18),(7,6.16,20),(8,5.85,19),(9,5.85,24),(10,5.62,22),(11,6.4,0),(12,5.72,22),(1,5.97,23),(2,6.36,0),(3,6.4,23),(4,6.5,22),(5,6.32,0),(6,5.68,0),(7,5.56,22),(8,5.89,24),(9,6.38,21),(10,5.94,20),(11,6.26,21),(12,5.65,0),(1,5.73,24),(2,5.79,0),(3,6.1,24),(4,5.76,0),(5,6.19,21),(6,5.79,25),(7,6.14,20),(8,5.54,23),(9,6.09,25),(10,6.44,0),(11,6.2,18),(12,6.27,20),(1,6.08,21),(2,6.4,22),(3,5.93,25),(4,5.95,0),(5,5.94,21),(6,6.32,18),(7,5.61,0),(8,5.84,23),(9,6.49,0),(10,6.25,20),(11,5.88,20),(12,6.06,0),(1,6.32,0),(2,6.49,0),(3,6.47,0),(4,6.4,21),(5,6.38,19),(6,5.58,21),(7,5.6,21),(8,6.01,19),(9,6.44,0),(10,5.55,22),(11,6.23,24),(12,6.01,21),(1,5.85,0),(2,5.54,19),(3,5.95,23),(4,5.64,0),(5,5.74,23),(6,5.92,0),(7,6.04,0),(8,6.43,21),(9,6.08,20),(10,6.35,0),(11,6.35,22),(12,5.67,23),(1,5.65,24),(2,5.92,25),(3,5.75,0),(4,6.19,0),(5,6.05,23),(6,5.93,18),(7,5.99,0),(8,5.89,24),(9,6.5,18),(10,5.95,0),(11,5.9,24),(12,6.28,19),(1,5.91,0),(2,6.44,18),(3,6.28,24),(4,6.48,0),(5,5.78,25),(6,6.2,21),(7,6.45,18),(8,6.44,0),(9,5.95,18),(10,5.75,18),(11,5.58,0),(12,6.21,20),(1,6.13,0),(2,5.51,22),(3,6.49,0),(4,6.37,21),(5,5.84,20),(6,6.05,0),(7,5.71,24),(8,5.58,18),(9,6.26,18),(10,5.68,24),(11,6.26,20),(12,5.7,20),(1,5.64,20),(2,6.01,0),(3,6.26,24),(4,5.99,0),(5,5.9,21),(6,5.7,24),(7,5.61,22),(8,5.61,0),(9,6.43,25),(10,5.84,19),(11,6.37,20),(12,6.43,19),(1,5.94,0),(2,6.13,0),(3,5.64,21),(4,6.31,24),(5,5.68,21),(6,5.86,20),(7,5.64,23),(8,6.46,24),(9,6.09,0),(10,6.16,0),(11,6.04,25),(12,6.04,23),(1,6.23,24),(2,5.96,23),(3,5.94,0),(4,5.75,0),(5,5.62,0),(6,5.57,25),(7,6.19,18),(8,5.97,20),(9,6.3,0),(10,5.66,20),(11,6.29,20),(12,5.62,23),(1,5.76,21),(2,6.43,23),(3,5.73,0),(4,5.94,22),(5,5.81,0),(6,5.67,22),(7,5.59,18),(8,5.52,21),(9,6.26,0),(10,6.13,0),(11,6.5,0),(12,5.86,19),(1,5.6,24),(2,5.94,0),(3,5.76,21),(4,5.54,0),(5,5.7,22),(6,6.1,20),(7,6.17,19),(8,5.65,20),(9,6.37,23),(10,6.24,0),(11,5.82,22),(12,6.29,18),(1,6.35,25),(2,6.13,20),(3,6.06,20),(4,6.14,0),(5,5.57,0),(6,6.35,0),(7,6.11,22),(8,6.11,0),(9,6.26,25),(10,5.53,20),(11,5.51,18),(12,6.19,22),(1,6.35,18),(2,6.42,22),(3,5.63,0),(4,6.05,0),(5,6.08,23),(6,6.26,23),(7,6.25,20),(8,5.77,0),(9,5.86,24),(10,6.45,18),(11,6.31,24),(12,5.78,0);
/*!40000 ALTER TABLE `plant_water_details` ENABLE KEYS */;
UNLOCK TABLES;
/*!40103 SET TIME_ZONE=@OLD_TIME_ZONE */;

/*!40101 SET SQL_MODE=@OLD_SQL_MODE */;
/*!40014 SET FOREIGN_KEY_CHECKS=@OLD_FOREIGN_KEY_CHECKS */;
/*!40014 SET UNIQUE_CHECKS=@OLD_UNIQUE_CHECKS */;
/*!40101 SET CHARACTER_SET_CLIENT=@OLD_CHARACTER_SET_CLIENT */;
/*!40101 SET CHARACTER_SET_RESULTS=@OLD_CHARACTER_SET_RESULTS */;
/*!40101 SET COLLATION_CONNECTION=@OLD_COLLATION_CONNECTION */;
/*!40111 SET SQL_NOTES=@OLD_SQL_NOTES */;

-- Dump completed on 2020-04-09 12:29:35
